Peak_name,Death,Success,Failed,Total Climbers,Death Rate,Success Rate,Failed Rate
Everest,306,9953,11554,21813,1.4,45.63,52.97
Ama Dablam,32,4375,3999,8406,0.38,52.05,47.57
Cho Oyu,52,3812,5026,8890,0.58,42.88,56.54
Manaslu,85,1729,2779,4593,1.85,37.64,60.51
Lhotse,21,856,1502,2379,0.88,35.98,63.14
Baruntse,13,640,1537,2190,0.59,29.22,70.18
Himlung Himal,4,559,745,1308,0.31,42.74,56.96
Makalu,48,551,1806,2405,2.0,22.91,75.09
Dhaulagiri I,85,539,1968,2592,3.28,20.79,75.93
Pumori,42,510,1228,1780,2.36,28.65,68.99
Kangchenjunga,51,425,909,1385,3.68,30.69,65.63
Putha Hiunchuli,3,296,439,738,0.41,40.11,59.49
Annapurna I,72,286,1311,1669,4.31,17.14,78.55
Tilicho,9,143,518,670,1.34,21.34,77.31
Annapurna IV,5,126,681,812,0.62,15.52,83.87
Tukuche,2,113,347,462,0.43,24.46,75.11
